-1 -0.875 0.15625 -0.25 -0.34283447265625 -1.0 -0.05859375 0.140625 -1 0 0.28125 -1.0 -0.734375 -0.3245849609375 -0.375 
0.03125 -0.1875 0.0 -0.6875 -1.0 0.853515625 0.4697265625 -0.1485595703125 -1.0 -1 -0.23046875 -0.828125 -1 0.38641357421875 -1 
0.8427734375 -0.333984375 -1.0 -1 -0.953125 -1.0 -0.573486328125 -1.0 -1.0 0.0 -0.329833984375 -1.0 -0.62548828125 0.0111083984375 0.046875 
-0.1982421875 -0.6669921875 -1.0 -1.0 -0.5936203002929688 -1.0 -0.2734375 -1 -1.0 0.21485909819602966 -0.84375 -1.0 -1.0 -0.06109619140625 0 
-0.3515625 -0.35791015625 -1.0 -1.0 0 0 -1 -1.0 -1.0 -1.0 -0.802001953125 -1 -1.0 0.084930419921875 -0.109375 
-0.7109375 -1 -1 -1.0 0.42650580406188965 -0.228759765625 -1 -1.0 -1.0 -1.0 -0.8828125 -1 -1.0 0.7917451858520508 0 
-1.0 -1.0 -1.0 -1.0 0.6843953132629395 -1 -0.9506072998046875 -1.0 -1.0 -1 -0.6875 -1.0 -1.0 0.26845502853393555 -0.33984375 
-1.0 -1.0 -1.0 -1.0 -1.0 -1.0 -0.82568359375 0.58203125 -1.0 -0.8754425048828125 -1.0 -1 -1.0 0.7961597442626953 -1.0 
-1.0 -1.0 -1 -1.0 0.509953498840332 -1.0 -1.0 -1.0 -1.0 -1 -0.84375 -1.0 -1.0 0.2241964340209961 -1.0 
-1.0 -1.0 -1.0 -1.0 -1.0 -1 -1.0 0.9140625 -1.0 -1.0 -1.0 -1.0 -1.0 0.8907561302185059 -1.0 
